% defineColors.m

seaBlue = [73 79 170]/255;
red2 = [229, 53, 48]/255;
green2 = [60 182 58]/255;
orange = [236 122 0]/255;
skyBlue = [97, 140, 208]/255;
violet = [128 0 128]/255;

natRevCayenne = [128 0 0]/255;
natRevBlue = [0 58 103]/255;
natRevKhaki = [237 223 194]/255;

colors = {'b', 'r', green2, orange, 'g', 'y', seaBlue, skyBlue,  'k'};